start_ts,end_ts,start_mono,end_mono,response_time_ms,request_type,name,success,exception,response_length,user,http_status,stages_logged
1790465635.73927,1790465638.519941,25679.344161,25682.124832,2780.671,POST,/api/pipeline,True,,1618,0,200,4
1790465636.017086,1790465641.29093,25679.621976,25684.895821,5273.844,POST,/api/pipeline,True,,1620,1,200,4
1790465636.292526,1790465644.060981,25679.897417,25687.665872,7768.454,POST,/api/pipeline,True,,1621,2,200,4
1790465636.569507,1790465646.834101,25680.174398,25690.438993,10264.595,POST,/api/pipeline,True,,1621,3,200,4
1790465636.84526,1790465649.605247,25680.450151,25693.210138,12759.986,POST,/api/pipeline,True,,1620,4,200,4
1790465637.121583,1790465652.378729,25680.726475,25695.98362,15257.146,POST,/api/pipeline,True,,1620,5,200,4
1790465637.399734,1790465655.151267,25681.004625,25698.756158,17751.532,POST,/api/pipeline,True,,1621,6,200,4
1790465637.67315,1790465657.92508,25681.278041,25701.529971,20251.93,POST,/api/pipeline,True,,1621,7,200,4
1790465637.949854,1790465660.695837,25681.554745,25704.300728,22745.983,POST,/api/pipeline,True,,1619,8,200,4
1790465638.229576,1790465663.469556,25681.834467,25707.074447,25239.981,POST,/api/pipeline,True,,1620,9,200,4
1790465638.520228,1790465666.242691,25682.125119,25709.847582,27722.463,POST,/api/pipeline,True,,1620,0,200,4
1790465641.291177,1790465669.014165,25684.896069,25712.619056,27722.988,POST,/api/pipeline,True,,1620,1,200,4
1790465644.061203,1790465671.788303,25687.666095,25715.393194,27727.099,POST,/api/pipeline,True,,1619,2,200,4
1790465646.834355,1790465674.56227,25690.439246,25718.167161,27727.916,POST,/api/pipeline,True,,1620,3,200,4
1790465649.605504,1790465677.336972,25693.210395,25720.941863,27731.468,POST,/api/pipeline,True,,1621,4,200,4
1790465652.379113,1790465680.112545,25695.984005,25723.717436,27733.431,POST,/api/pipeline,True,,1621,5,200,4
1790465655.15157,1790465682.884456,25698.756461,25726.489347,27732.886,POST,/api/pipeline,True,,1620,6,200,4
1790465657.925334,1790465685.660041,25701.530226,25729.264932,27734.706,POST,/api/pipeline,True,,1621,7,200,4
1790465660.696124,1790465688.433791,25704.301015,25732.038682,27737.667,POST,/api/pipeline,True,,1620,8,200,4
1790465663.46985,1790465691.208958,25707.074741,25734.813849,27739.108,POST,/api/pipeline,True,,1621,9,200,4
1790465666.24294,1790465693.981975,25709.847831,25737.586866,27739.035,POST,/api/pipeline,True,,1620,0,200,4
